Simulation Result of SARIMA....
    ARIMA Order Seasonal Order  AIC Value
0     (2, 1, 2)  (1, 1, 2, 12)    2180.94
1     (2, 1, 2)  (0, 1, 2, 12)    2183.68
2     (2, 1, 2)  (2, 1, 2, 12)    2183.85
3     (0, 1, 2)  (1, 1, 2, 12)    2184.75
4     (2, 1, 1)  (1, 1, 2, 12)    2186.03
5     (1, 0, 2)  (1, 1, 2, 12)    2186.63
6     (0, 1, 2)  (0, 1, 2, 12)    2186.63
7     (1, 1, 2)  (1, 1, 2, 12)    2186.75
8     (0, 1, 2)  (2, 1, 2, 12)    2187.67
9     (2, 0, 2)  (1, 1, 2, 12)    2188.57
10    (1, 0, 2)  (0, 1, 2, 12)    2188.61
11    (1, 1, 2)  (0, 1, 2, 12)    2188.62
12    (2, 1, 1)  (2, 1, 2, 12)    2189.14
13    (1, 1, 2)  (2, 1, 2, 12)    2189.67
14    (1, 0, 2)  (2, 1, 2, 12)    2190.12
15    (2, 1, 2)  (2, 1, 1, 12)    2190.47
16    (2, 0, 2)  (0, 1, 2, 12)    2190.57
17    (2, 0, 2)  (2, 1, 2, 12)    2190.57
18    (1, 2, 2)  (1, 1, 2, 12)    2190.86
19    (1, 1, 1)  (1, 1, 2, 12)    2192.21
20    (2, 1, 2)  (0, 2, 2, 12)    2192.85
21    (2, 2, 2)  (1, 1, 2, 12)    2192.89
22    (1, 2, 2)  (0, 1, 2, 12)    2193.59
23    (2, 0, 1)  (1, 1, 2, 12)    2193.67
24    (2, 0, 0)  (2, 1, 2, 12)    2193.75
25    (0, 1, 2)  (0, 2, 2, 12)    2193.82
26    (1, 1, 1)  (0, 1, 2, 12)    2194.06
27    (1, 2, 1)  (1, 1, 2, 12)    2194.21
28    (1, 2, 2)  (2, 1, 2, 12)    2195.07
29    (2, 1, 0)  (2, 1, 2, 12)    2195.09
..          ...            ...        ...
699   (0, 0, 0)  (2, 2, 2, 12)    3158.79
700   (0, 0, 0)  (2, 2, 1, 12)    3169.65
701   (0, 0, 0)  (0, 1, 2, 12)    3216.06
702   (0, 0, 0)  (1, 1, 2, 12)    3218.01
703   (0, 0, 0)  (2, 1, 2, 12)    3220.01
704   (0, 0, 1)  (0, 0, 2, 12)    3221.18
705   (0, 0, 0)  (2, 1, 0, 12)    3224.46
706   (0, 0, 0)  (2, 1, 1, 12)    3226.29
707   (0, 0, 0)  (1, 2, 1, 12)    3259.70
708   (0, 0, 0)  (2, 2, 0, 12)    3272.74
709   (0, 0, 1)  (0, 2, 0, 12)    3274.76
710   (0, 0, 0)  (0, 2, 1, 12)    3284.41
711   (0, 0, 0)  (0, 1, 1, 12)    3304.80
712   (0, 0, 0)  (1, 1, 1, 12)    3306.80
713   (0, 0, 0)  (1, 0, 2, 12)    3309.27
714   (0, 0, 0)  (2, 0, 2, 12)    3309.99
715   (0, 0, 0)  (2, 0, 1, 12)    3316.73
716   (0, 0, 0)  (2, 0, 0, 12)    3317.75
717   (0, 0, 0)  (1, 1, 0, 12)    3317.80
718   (0, 0, 0)  (1, 0, 1, 12)    3398.17
719   (0, 0, 0)  (0, 1, 0, 12)    3434.43
720   (0, 0, 0)  (1, 0, 0, 12)    3437.18
721   (0, 0, 0)  (1, 2, 0, 12)    3438.56
722   (0, 0, 1)  (0, 0, 1, 12)    3466.55
723   (0, 0, 2)  (0, 0, 0, 12)    3479.28
724   (0, 0, 0)  (0, 2, 0, 12)    3702.13
725   (0, 0, 0)  (0, 0, 2, 12)    3704.53
726   (0, 0, 1)  (0, 0, 0, 12)    3895.05
727   (0, 0, 0)  (0, 0, 1, 12)    3983.57
728   (0, 0, 0)  (0, 0, 0, 12)    4439.89

[729 rows x 3 columns]
2020-06-01    34.451875
2020-07-01    39.002446
2020-08-01    42.258388
2020-09-01    44.406212
2020-10-01    45.685120
2020-11-01    46.333132
2020-12-01    46.557999
Freq: MS, dtype: float64